100565499
101365325
103859130
108633363
108853120
109220753
120332050
122469941
124669456
124978621
130015430
131731660
133367888
139288488
141922491
149819664
153292132
154642839
169888627
170344718
174173845
177491393
178969158
183387394
187857628
188813443
194649902
195777410
200028152
204893017
206972997
207427209
211475629
212526720
213298174
216701588
218652750
223465445
223757143
228531170
230373103
232832464
237717190
240878277
246912070
257575301
267470281
268106563
272739416
273883072
277094247
277160025
279036233
287682211
288984396
290624763
293918570
294043750
296113582
298279922
301069135
302512318
304085133
306160465
314906580
316062616
322779334
324005326
324705446
332703038
338693989
338750874
344852157
346676770
353554974
357656585
368466505
368644184
371041057
376471396
377577328
381091653
388923784
394798100
404685450
405426301
407813850
409294907
410786174
411067062
415561015
420049292
421511028
422384809
428359882
431445889
434656008
436207127
436286948
444087062
447045317
449879043
452701635
457832503
458364070
458595683
458693849
460635451
461021154
463147195
467059264
470465890
472335489
472661858
479614772
483535988
484762794
484929195
489276251
489692052
493044137
493415171
493433187
496327480
496873867
498511437
519144138
519535418
524987475
529846648
532181492
532230700
532855571
538133785
542583400
546175219
553256491
556588901
557313403
558831203
560759234
565366936
565576415
567256158
567457856
567743458
569437253
571775389
573160650
576570830
587356458
592838152
592881562
595817049
596980876
597530880
598631613
601074046
606595401
606799192
608953626
609018637
610973008
611999656
616076302
618756798
619367153
620592859
623187342
623810536
628589234
631496815
634043801
634268103
634589092
635746263
638712152
640793616
643279819
645088905
647765046
654660428
661425526
662215945
666051799
666913961
671905174
673373297
676030420
676335157
676625988
678137416
678772381
683611155
689395219
692086622
695439252
699972068
701627909
702381982
706267258
707644197
707906808
708165815
711708073
715562471
718910751
719267374
720732158
724916897
726241849
729879285
730075796
730375990
730442625
733895735
735216008
735507918
739322226
741748131
741822874
743720368
744962446
756834391
758361043
765616229
765918087
767951393
769531145
770201502
770685090
780631310
784780064
785108497
787392626
787393626
789087440
790092769
791644307
801279142
804238358
806612050
808825707
809334688
809657187
810730425
816546727
817023388
828919277
832236067
835224607
836463037
837560189
840566423
846207769
846408187
846631625
847768066
848365489
852259555
854478570
856549552
863850319
864406794
864434470
864634298
864839571
869745868
873124671
876832966
889721660
890595977
896795258
898390179
900738454
900891393
901442639
910127790
910240503
917731343
919528494
923645611
923899715
929853155
929963678
931053106
934023771
937291658
951425293
956397017
959881366
975680868
975929946
976249559
982070657
984503787
985640677
994970176
995204056
995790676
