501550707
541646457
234874598
436188798
575019905
192659078
562866972
493401511
621891533
801924549
494602026
106796876
790435847
842830649
454277565
463998984
634300460
570638738
673336019
192907599
119026400
309214932
836119609
977441612
978570328
371273424
503202680
959794753
491433080
692370421
709446551
901916047
713723525
177069997
766439474
565491823
340318855
647534506
697798223
159396145
877867102
484277323
646207407
376537669
164951153
927502440
325174325
511295142
946967117
434414060
625743258
101409336
312554339
179161147
470234631
614696720
708323890
786206522
806246836
219234234
694175429
416042698
484225865
380088414
699678214
924964059
109943957
887635347
383748836
502165103
867390102
273525384
869553385
775002809
324994688
217775721
776912559
274356422
182432222
789833391
384552743
524267286
503373455
230679901
499582886
189547673
968030355
869877389
955831986
796596915
710080358
807243858
834271583
487471183
215597903
731710511
110044740
749125519
726335913
619323333
800148670
825764645
773491151
707588347
732753747
567597229
925477652
599698174
123352580
160276115
960374689
928908657
688677476
293691998
711755901
554684964
707846807
973885200
639735279
515505638
687981092
826044620
201114535
923664142
936182021
271916587
723247732
680543406
537829176
129182497
704970020
856353539
698444690
100233341
775062426
303323691
136953679
346512898
565337324
114366002
818802462
503706803
819426032
494291747
955465495
899801278
667437446
941660081
312142819
121853670
597956674
448948465
935797768
429778978
135960785
416583262
773309855
649945642
637800797
516573452
385974660
225352221
170717912
423792065
679360223
987803109
556705089
108172576
273949100
268590550
314378025
675040502
713548707
375034134
748720040
739913949
751329031
662488558
479010806
826372448
723733640
891772658
739913579
383280793
448062906
413789997
344522266
499267379
218044065
207417974
332471999
244883244
823704820
236919275
102082537
783419394
204785982
201539207
227617279
160368846
393840802
463152886
153399632
875405982
543112394
499903748
130268173
364193906
281359500
514713320
959497629
244305968
956545163
440496048
771522052
406734276
805395009
530018305
564615000
165532478
887482747
143057408
481279588
821931625
642450404
840330907
279129153
809368743
154294398
150085555
168511254
704766437
866153331
410406183
495423139
972196401
382845646
374713992
354299976
589935087
722616907
759239501
596313115
551155478
646656731
706724744
651629929
807477139
894102895
981138500
982294531
824946464
886328605
423735794
481046118
997617399
793521773
503611207
490294895
206749955
183933986
866782511
112954543
568755050
198693704
847090672
190081002
615522016
164955754
724852904
674839485
607477400
145760723
357729947
265232741
434927060
615798251
821621838
742180002
376500728
672915105
883287623
259071926
185934491
188233754
873922654
530961146
799375767
533094965
380150484
439789284
405906839
859826658
894255119
615108447
463539311
778478674
182762304
196117575
121920501
